1 0.521774 0.113455 0.922581 0.028506
1 0.526613 0.147662 0.937097 0.033067
1 0.485484 0.186146 0.854839 0.034778
1 0.491532 0.220924 0.873387 0.040479
1 0.487903 0.260547 0.903226 0.036488
1 0.504032 0.289624 0.940323 0.043330
1 0.514919 0.328107 0.955645 0.048461
1 0.511694 0.368586 0.966935 0.053022
1 0.470161 0.409065 0.887097 0.062144
1 0.504435 0.447548 0.936290 0.054732
1 0.545565 0.446693 0.891129 0.023375
1 0.508065 0.488027 0.967742 0.055872
1 0.508468 0.522235 0.955645 0.060433
1 0.502419 0.561859 0.954839 0.058723
1 0.475000 0.604333 0.885484 0.067275
1 0.455645 0.644242 0.846774 0.047891
1 0.497984 0.686716 0.921774 0.054162
1 0.482258 0.728335 0.901613 0.045040
1 0.508065 0.765678 0.964516 0.051311
1 0.486290 0.812429 0.912903 0.052452
1 0.512903 0.850057 0.964516 0.051311
1 0.504839 0.892531 0.950000 0.051881
1 0.343145 0.933865 0.607258 0.049031
