1 0.508065 0.102338 0.961290 0.032497
1 0.512500 0.145382 0.957258 0.031927
1 0.508065 0.179875 0.938710 0.032497
1 0.514516 0.220639 0.961290 0.042189
1 0.492742 0.263968 0.940323 0.037628
1 0.496774 0.302452 0.964516 0.033637
1 0.505645 0.343216 0.950000 0.047891
1 0.499597 0.391961 0.949194 0.049601
1 0.503629 0.437856 0.950806 0.047891
1 0.507661 0.476340 0.975000 0.042759
1 0.481048 0.513113 0.912097 0.045610
1 0.515726 0.558438 0.968548 0.043900
1 0.482661 0.598347 0.904032 0.038198
1 0.487500 0.641961 0.929839 0.043330
1 0.486694 0.686431 0.905645 0.045610
1 0.508065 0.731471 0.961290 0.039909
1 0.514919 0.770810 0.963710 0.051311
1 0.500000 0.807583 0.920968 0.049601
1 0.487500 0.848062 0.887903 0.045040
1 0.514919 0.887685 0.945968 0.050171
1 0.481048 0.928449 0.899194 0.040479
