1 0.492339 0.099772 0.905645 0.036488
1 0.497177 0.141391 0.915323 0.036488
1 0.514919 0.178164 0.947581 0.039339
1 0.485484 0.217503 0.882258 0.051881
1 0.514516 0.261117 0.935484 0.057013
1 0.521371 0.305017 0.954032 0.054732
1 0.471371 0.349772 0.865323 0.048461
1 0.498387 0.393957 0.924194 0.062714
1 0.451613 0.432440 0.858065 0.065564
1 0.495565 0.468643 0.936290 0.066135
1 0.510887 0.516819 0.971774 0.067845
1 0.444758 0.559863 0.834677 0.051311
1 0.475000 0.605473 0.908065 0.054732
1 0.479032 0.651083 0.906452 0.050171
1 0.512500 0.696693 0.975000 0.050171
1 0.507661 0.739453 0.954032 0.042189
1 0.454435 0.786488 0.873387 0.041619
1 0.462500 0.828962 0.858871 0.037628
1 0.507258 0.868016 0.951613 0.039339
1 0.495968 0.908495 0.953226 0.041619
1 0.508468 0.945838 0.960484 0.039909
