1 0.518952 0.068130 0.954032 0.033637
1 0.518548 0.102338 0.901613 0.029076
1 0.509274 0.144242 0.958871 0.028506
1 0.486290 0.185576 0.922581 0.037058
1 0.466129 0.228905 0.924194 0.043900
1 0.486290 0.269954 0.938710 0.037058
1 0.486290 0.318130 0.954839 0.049031
1 0.449597 0.366876 0.875000 0.062144
1 0.479435 0.403934 0.931452 0.059863
1 0.493145 0.451539 0.960484 0.054732
1 0.487500 0.492588 0.952419 0.057013
1 0.454435 0.533922 0.876613 0.065564
1 0.451210 0.572691 0.870161 0.063284
1 0.481452 0.608039 0.938710 0.064424
1 0.482661 0.655359 0.929839 0.066705
1 0.482661 0.692132 0.941129 0.062714
1 0.474194 0.723774 0.917742 0.066705
1 0.496371 0.775656 0.970161 0.065564
1 0.503629 0.821266 0.976613 0.056442
1 0.483468 0.864025 0.942742 0.046180
1 0.502823 0.901653 0.970161 0.049601
1 0.504839 0.941562 0.966129 0.061003
