1 0.491935 0.084949 0.927419 0.039909
1 0.470968 0.122292 0.900000 0.043900
1 0.511290 0.158780 0.967742 0.050741
1 0.479839 0.198119 0.925806 0.046180
1 0.470968 0.242873 0.900000 0.051311
1 0.450403 0.285063 0.858871 0.064994
1 0.497581 0.324116 0.953226 0.059863
1 0.505645 0.367446 0.969355 0.066705
1 0.438306 0.420182 0.847581 0.064994
1 0.468548 0.462372 0.882258 0.076397
1 0.513710 0.506556 0.964516 0.070125
1 0.495968 0.554162 0.951613 0.050171
1 0.509274 0.599202 0.979839 0.057013
1 0.491532 0.645382 0.933065 0.044470
1 0.482661 0.690992 0.923387 0.051311
1 0.475403 0.736032 0.910484 0.051311
1 0.501210 0.782212 0.966935 0.059293
1 0.472581 0.827537 0.911290 0.058723
1 0.499597 0.871722 0.949194 0.055872
1 0.437903 0.915336 0.814516 0.051881
1 0.505242 0.951254 0.933065 0.055302
