1 0.513710 0.078107 0.953226 0.034208
1 0.510081 0.121437 0.957258 0.042189
1 0.508871 0.164766 0.975806 0.036488
1 0.511290 0.201539 0.975806 0.038198
1 0.506855 0.248860 0.966935 0.038198
1 0.494758 0.295610 0.960484 0.051881
1 0.497581 0.332383 0.966129 0.057013
1 0.491532 0.376568 0.954032 0.054162
1 0.463306 0.422178 0.897581 0.049601
1 0.504839 0.471209 0.951613 0.045040
1 0.505242 0.510547 0.947581 0.047320
1 0.501613 0.552166 0.967742 0.062144
1 0.503226 0.601767 0.975806 0.059863
1 0.508065 0.646522 0.959677 0.053592
1 0.482258 0.687001 0.929032 0.054732
1 0.482258 0.729190 0.935484 0.055872
1 0.510484 0.769099 0.959677 0.062714
1 0.512500 0.816990 0.973387 0.051311
1 0.438710 0.863740 0.835484 0.047891
1 0.501210 0.910205 0.934677 0.045040
1 0.502419 0.957241 0.943548 0.055872
