1 0.510484 0.092360 0.927419 0.033067
1 0.500000 0.132269 0.922581 0.047891
1 0.498387 0.171608 0.919355 0.057013
1 0.466532 0.211517 0.865323 0.060433
1 0.497177 0.256271 0.926613 0.064424
1 0.514516 0.294185 0.962903 0.062714
1 0.495968 0.338940 0.941935 0.058723
1 0.510081 0.386830 0.970161 0.070125
1 0.473387 0.431585 0.890323 0.058153
1 0.485081 0.470068 0.908871 0.061003
1 0.460484 0.521665 0.895161 0.066135
1 0.477016 0.562144 0.897581 0.068415
1 0.468952 0.605473 0.870161 0.062714
1 0.515726 0.653934 0.954032 0.069555
1 0.512097 0.699259 0.966129 0.064424
1 0.449194 0.738883 0.841935 0.068415
1 0.509677 0.783352 0.977419 0.064994
1 0.504839 0.818985 0.967742 0.064424
1 0.496774 0.856328 0.941935 0.058153
1 0.479435 0.895952 0.881452 0.040479
1 0.472581 0.933010 0.882258 0.051881
