1 0.479636 0.047813 0.861352 0.050000
1 0.458622 0.102656 0.845321 0.055313
1 0.267114 0.166094 0.459705 0.050937
1 0.478769 0.215625 0.891681 0.054375
1 0.161828 0.285469 0.295061 0.045937
1 0.464255 0.328750 0.897314 0.065625
1 0.502600 0.383906 0.976603 0.074063
1 0.472270 0.443750 0.898614 0.073125
1 0.439991 0.503125 0.862652 0.085625
1 0.496967 0.557656 0.959272 0.094687
1 0.488951 0.619844 0.934575 0.095937
1 0.501950 0.684844 0.975303 0.082187
1 0.484619 0.753125 0.957972 0.076875
1 0.472270 0.816250 0.922010 0.071875
1 0.139515 0.894219 0.261698 0.057188
1 0.319107 0.955156 0.624350 0.064687
