1 0.399047 0.041506 0.731851 0.047619
1 0.461661 0.099099 0.848911 0.034106
1 0.480944 0.152027 0.892922 0.046654
1 0.151770 0.212677 0.240018 0.047619
1 0.472096 0.259974 0.887024 0.052767
1 0.130218 0.321268 0.212341 0.042793
1 0.238657 0.373552 0.420145 0.054054
1 0.496824 0.423423 0.933757 0.047619
1 0.483893 0.483108 0.913339 0.051158
1 0.505672 0.534588 0.936933 0.058237
1 0.498412 0.591055 0.975045 0.067568
1 0.506579 0.657819 0.946915 0.065959
1 0.153584 0.733269 0.232759 0.052767
1 0.494782 0.787323 0.944192 0.052767
1 0.495463 0.841699 0.933757 0.054054
1 0.270871 0.902992 0.460980 0.058237
1 0.360935 0.964607 0.652904 0.050837
