1 0.412478 0.039928 0.732363 0.054433
1 0.438051 0.091428 0.809083 0.050522
1 0.469356 0.142927 0.880511 0.050522
1 0.471561 0.199804 0.853175 0.046284
1 0.497795 0.256030 0.905644 0.051825
1 0.486332 0.316004 0.928571 0.047262
1 0.500661 0.371252 0.929012 0.054759
1 0.487213 0.431551 0.881834 0.061930
1 0.492063 0.496252 0.905644 0.050522
1 0.288139 0.555085 0.483686 0.054759
1 0.357584 0.619296 0.614638 0.054759
1 0.429453 0.681389 0.798060 0.067471
1 0.516975 0.735495 0.952822 0.066167
1 0.419533 0.793677 0.755291 0.065189
1 0.324956 0.858051 0.566138 0.060952
1 0.520503 0.914113 0.945767 0.064211
1 0.228836 0.976369 0.342152 0.047262
