1 0.450134 0.039244 0.860912 0.050065
1 0.445886 0.093346 0.861360 0.054264
1 0.470259 0.159238 0.895796 0.064599
1 0.413462 0.219477 0.810823 0.062339
1 0.445886 0.278908 0.852415 0.083656
1 0.474732 0.335271 0.930680 0.072997
1 0.470930 0.398740 0.917710 0.079134
1 0.223614 0.472222 0.419499 0.044574
1 0.483229 0.522771 0.919052 0.068798
1 0.449463 0.578488 0.871199 0.078165
1 0.242397 0.649709 0.451699 0.060401
1 0.437165 0.706557 0.852862 0.065568
1 0.444991 0.764373 0.865832 0.068798
1 0.243739 0.832041 0.463327 0.064599
1 0.451476 0.886789 0.869857 0.072028
1 0.502683 0.947836 0.969589 0.081072
