1 0.474671 0.055704 0.828254 0.046375
1 0.512562 0.110608 0.880148 0.051173
1 0.291392 0.170309 0.437809 0.040512
1 0.526565 0.215219 0.910626 0.059435
1 0.489703 0.267591 0.846787 0.061301
1 0.500412 0.321295 0.852554 0.066365
1 0.508031 0.370203 0.871087 0.070896
1 0.520387 0.420975 0.898270 0.087687
1 0.490733 0.477345 0.817545 0.079957
1 0.482084 0.537047 0.815898 0.084755
1 0.354201 0.597814 0.544481 0.060235
1 0.501236 0.631796 0.859967 0.088753
1 0.471582 0.700293 0.800659 0.078092
1 0.315898 0.762926 0.489292 0.063166
1 0.455519 0.811434 0.793245 0.080757
1 0.485997 0.867138 0.869852 0.081823
1 0.491969 0.918977 0.878501 0.081023
