1 0.501838 0.054612 0.938317 0.037253
1 0.487541 0.104916 0.863971 0.041561
1 0.502655 0.147998 0.915441 0.034465
1 0.508578 0.197795 0.906046 0.036239
1 0.506740 0.249366 0.931781 0.036493
1 0.503268 0.297136 0.922386 0.042321
1 0.505923 0.344780 0.921977 0.046376
1 0.518178 0.396731 0.946487 0.057527
1 0.496324 0.443740 0.922386 0.063355
1 0.482026 0.501521 0.918301 0.067410
1 0.452819 0.555499 0.843546 0.081095
1 0.492239 0.602382 0.924837 0.088697
1 0.503881 0.658135 0.953840 0.088697
1 0.261438 0.727065 0.463235 0.064369
1 0.474673 0.775215 0.908497 0.092752
1 0.485498 0.828054 0.930147 0.100608
1 0.481413 0.884947 0.913807 0.076026
