1 0.200572 0.084688 0.287582 0.046978
1 0.508578 0.115922 0.900327 0.058659
1 0.516340 0.160361 0.881536 0.057643
1 0.498366 0.205815 0.857843 0.060691
1 0.483252 0.242890 0.837418 0.068309
1 0.493668 0.282504 0.845180 0.069325
1 0.129085 0.351828 0.144608 0.039868
1 0.492851 0.376714 0.868873 0.066277
1 0.136234 0.440198 0.171160 0.027171
1 0.471609 0.465592 0.826389 0.070340
1 0.488971 0.508634 0.857843 0.074149
1 0.509191 0.559929 0.930147 0.086846
1 0.510212 0.597511 0.919118 0.076181
1 0.511029 0.646775 0.955065 0.088878
1 0.519812 0.698578 0.960376 0.100559
1 0.516544 0.744413 0.953840 0.094718
1 0.357026 0.804469 0.650327 0.076181
1 0.506332 0.845988 0.967729 0.106399
1 0.510212 0.901219 0.963235 0.089893
