1 0.473630 0.054511 0.817691 0.033835
1 0.510174 0.103383 0.884967 0.041932
1 0.138289 0.160208 0.138704 0.031810
1 0.342400 0.199104 0.561047 0.051764
1 0.522841 0.242481 0.925249 0.066802
1 0.492940 0.287883 0.850498 0.063910
1 0.484219 0.324754 0.842193 0.061885
1 0.525748 0.364662 0.945183 0.079815
1 0.468439 0.414546 0.818937 0.063910
1 0.261628 0.468913 0.411130 0.043088
1 0.487126 0.506217 0.856312 0.069693
1 0.207018 0.566512 0.287791 0.042799
1 0.509967 0.598467 0.905316 0.076634
1 0.482143 0.644881 0.866279 0.087912
1 0.516404 0.692741 0.934801 0.085888
1 0.509344 0.751591 0.926495 0.091961
1 0.512251 0.811885 0.938123 0.084731
1 0.466362 0.871747 0.892027 0.065067
1 0.459925 0.926692 0.873339 0.044824
