1 0.255310 0.056343 0.410131 0.047705
1 0.292484 0.101728 0.508170 0.048736
1 0.485294 0.137055 0.888072 0.073491
1 0.492239 0.177153 0.895425 0.069624
1 0.495302 0.217251 0.904820 0.079165
1 0.509600 0.262120 0.927696 0.086900
1 0.496732 0.303636 0.923203 0.085869
1 0.510417 0.348633 0.913807 0.097473
1 0.470997 0.399304 0.843954 0.093605
1 0.480801 0.437339 0.854575 0.103146
1 0.505923 0.482207 0.883578 0.103146
1 0.502655 0.523337 0.871324 0.104951
1 0.518587 0.571558 0.915441 0.111655
1 0.524714 0.617457 0.924428 0.119391
1 0.529208 0.666194 0.936683 0.111655
1 0.530025 0.704874 0.926062 0.124033
1 0.498162 0.766503 0.892565 0.119391
1 0.446078 0.824652 0.767157 0.102114
1 0.299224 0.906911 0.476716 0.063950
