1 0.521597 0.076208 0.924520 0.044610
1 0.488002 0.124137 0.887871 0.041158
1 0.474476 0.176845 0.852967 0.041954
1 0.509162 0.219331 0.913613 0.046203
1 0.491492 0.273633 0.886998 0.046999
1 0.503490 0.314790 0.902269 0.063994
1 0.518979 0.367897 0.947208 0.069304
1 0.498473 0.437201 0.908813 0.059214
1 0.469023 0.492034 0.835951 0.057355
1 0.490183 0.539565 0.889616 0.060011
1 0.470332 0.589750 0.847295 0.050451
1 0.361475 0.648964 0.623473 0.064259
1 0.437173 0.702337 0.744328 0.060011
1 0.485820 0.747876 0.852967 0.065056
1 0.490838 0.788370 0.854276 0.071163
1 0.534250 0.842406 0.921902 0.073022
1 0.345768 0.907063 0.564136 0.058417
