1 0.505236 0.054865 0.965096 0.057297
1 0.494546 0.110135 0.922775 0.043514
1 0.488656 0.167432 0.910995 0.046757
1 0.488002 0.217432 0.909686 0.058108
1 0.493455 0.277568 0.896161 0.062162
1 0.497382 0.329595 0.901396 0.066216
1 0.215750 0.389865 0.322426 0.035946
1 0.514616 0.420541 0.925393 0.087568
1 0.519197 0.526216 0.921466 0.077838
1 0.515052 0.572568 0.873909 0.083514
1 0.484075 0.622568 0.814572 0.080270
1 0.471422 0.674459 0.773560 0.069459
1 0.206370 0.744054 0.243455 0.041622
1 0.491274 0.778919 0.823735 0.067027
1 0.478839 0.831622 0.809337 0.072973
1 0.504581 0.881216 0.905323 0.070541
1 0.466405 0.931622 0.815881 0.074595
