1 0.266087 0.051553 0.425217 0.045795
1 0.237826 0.098822 0.354783 0.034815
1 0.482391 0.134708 0.848261 0.057311
1 0.482826 0.182110 0.844783 0.055169
1 0.477609 0.229513 0.838696 0.045528
1 0.463043 0.280664 0.819130 0.053562
1 0.245435 0.333021 0.379565 0.032405
1 0.512826 0.365961 0.925652 0.058115
1 0.500652 0.409748 0.924783 0.076058
1 0.273043 0.471746 0.441739 0.046331
1 0.279565 0.517943 0.452174 0.049277
1 0.412391 0.560793 0.730000 0.063739
1 0.517609 0.601098 0.937826 0.075254
1 0.485870 0.647563 0.888261 0.069630
1 0.466522 0.701928 0.835652 0.063739
1 0.456957 0.747054 0.826087 0.070434
1 0.509348 0.797402 0.947391 0.076861
1 0.505217 0.855651 0.920000 0.067488
