1 0.482377 0.046475 0.881967 0.077285
1 0.497336 0.100131 0.906148 0.068668
1 0.487500 0.159922 0.874180 0.068668
1 0.501844 0.210836 0.906148 0.073368
1 0.508811 0.269321 0.922541 0.080157
1 0.512500 0.317624 0.927459 0.080157
1 0.502664 0.365535 0.898770 0.092950
1 0.196107 0.453525 0.285656 0.046475
1 0.505738 0.474413 0.910656 0.111227
1 0.497336 0.527546 0.884836 0.105222
1 0.500615 0.579243 0.888115 0.110444
1 0.460246 0.628068 0.819672 0.109399
1 0.511066 0.670627 0.912295 0.115144
1 0.502664 0.728198 0.904508 0.131593
1 0.462500 0.783812 0.845492 0.132637
1 0.490574 0.832637 0.898361 0.125849
1 0.508811 0.883420 0.962705 0.128721
