1 0.518178 0.033667 0.832925 0.041736
1 0.526144 0.082916 0.865196 0.034502
1 0.528799 0.138147 0.853350 0.040902
1 0.518587 0.182805 0.850082 0.042293
1 0.309641 0.233306 0.419118 0.035337
1 0.520221 0.278381 0.868873 0.056483
1 0.539624 0.322621 0.879085 0.057040
1 0.499796 0.379382 0.812500 0.054814
1 0.506332 0.430996 0.838644 0.083472
1 0.483252 0.482610 0.792484 0.079855
1 0.520833 0.529076 0.865196 0.090985
1 0.493464 0.582220 0.803922 0.094324
1 0.526757 0.634947 0.877042 0.100167
1 0.421977 0.700334 0.687092 0.099610
1 0.304330 0.778102 0.459967 0.073178
1 0.510621 0.812883 0.937092 0.131052
1 0.484886 0.879939 0.898693 0.128826
