1 0.504653 0.047706 0.879019 0.044037
1 0.176184 0.101682 0.222081 0.031498
1 0.505922 0.137768 0.892555 0.038226
1 0.497462 0.185015 0.824873 0.054434
1 0.497885 0.239908 0.836717 0.043731
1 0.513113 0.292049 0.848562 0.054434
1 0.542301 0.344495 0.901861 0.063914
1 0.453680 0.408563 0.713621 0.071560
1 0.402284 0.466820 0.637056 0.060245
1 0.515228 0.515596 0.860406 0.075229
1 0.507191 0.570489 0.850254 0.080428
1 0.521785 0.630734 0.897208 0.078593
1 0.332699 0.688073 0.532572 0.057492
1 0.476734 0.750765 0.794416 0.054434
1 0.492597 0.808563 0.863367 0.062997
1 0.506557 0.870183 0.912437 0.058410
1 0.434433 0.916055 0.770728 0.060245
