1 0.517665 0.048406 0.936047 0.043295
1 0.196109 0.102375 0.280411 0.030968
1 0.348166 0.138004 0.578265 0.052916
1 0.501342 0.172730 0.894454 0.080878
1 0.500671 0.221587 0.889535 0.070355
1 0.473837 0.271798 0.829606 0.075767
1 0.473166 0.316446 0.822004 0.077871
1 0.478980 0.363650 0.828265 0.085087
1 0.478309 0.412808 0.835868 0.084185
1 0.494633 0.453848 0.864937 0.107937
1 0.493068 0.503007 0.865385 0.100421
1 0.487030 0.554871 0.849732 0.096512
1 0.508497 0.599970 0.868515 0.099519
1 0.448122 0.651383 0.760286 0.096512
1 0.516995 0.695881 0.894454 0.106735
1 0.506932 0.745039 0.868068 0.105833
1 0.519231 0.793446 0.896243 0.108839
1 0.508274 0.850872 0.886852 0.107637
1 0.484571 0.909050 0.851073 0.095310
