1 0.497913 0.054616 0.880634 0.047464
1 0.493114 0.104031 0.884391 0.032510
1 0.437187 0.148407 0.780885 0.050390
1 0.484349 0.191482 0.872705 0.035761
1 0.483097 0.237159 0.877713 0.036736
1 0.433013 0.283810 0.780885 0.048114
1 0.464107 0.325585 0.843072 0.041938
1 0.484975 0.369798 0.909015 0.041938
1 0.099958 0.420189 0.130634 0.031534
1 0.486853 0.459850 0.912771 0.041938
1 0.477671 0.506664 0.891068 0.036736
1 0.462855 0.553316 0.845576 0.039662
1 0.468907 0.594766 0.873539 0.045189
1 0.483723 0.644993 0.903172 0.051365
1 0.435100 0.695384 0.820117 0.049415
1 0.250000 0.750975 0.449917 0.039012
1 0.482888 0.799090 0.929048 0.059818
1 0.423623 0.845254 0.813022 0.059818
1 0.435309 0.892068 0.830551 0.048114
1 0.425918 0.943433 0.811770 0.048114
